StationID	Y	M	D	TMEAN	TMAX	TMIN	RM	WS	SSD
58321	2014	1	1	5.6	16.3	-2.4	56.0	1.4	7.4
58321	2014	1	2	7.5	17.3	-0.6	58.0	1.2	6.9
58321	2014	1	3	9.3	14.1	4.5	41.0	2.9	3.5
58321	2014	1	4	4.6	10.5	0.8	59.0	1.6	1.6
58321	2014	1	5	5.4	13.8	-1.1	71.0	1.6	7.6
58321	2014	1	6	7.3	14.7	-0.9	56.0	2.1	4.3
58321	2014	1	7	7.1	10.7	6.4	93.0	1.1	0.0
58321	2014	1	8	4.4	6.6	3.0	96.0	3.1	0.0
58321	2014	1	9	1.4	5.7	-1.9	87.0	1.0	2.2
58321	2014	1	10	2.0	7.7	-3.6	76.0	1.3	5.1
58321	2014	1	11	4.1	5.4	3.3	83.0	1.2	0.0
58321	2014	1	12	5.6	9.5	1.0	78.0	1.1	6.3
58321	2014	1	13	3.2	6.7	0.7	85.0	1.5	0.0
58321	2014	1	14	1.2	7.4	-3.9	84.0	1.3	5.3
58321	2014	1	15	1.2	8.6	-4.4	73.0	1.4	6.4
58321	2014	1	16	4.2	10.9	-0.9	66.0	1.1	5.9
58321	2014	1	17	5.7	10.7	0.9	70.0	2.0	6.7
58321	2014	1	18	0.4	6.6	-2.0	84.0	1.7	0.0
58321	2014	1	19	1.3	9.4	-3.3	86.0	1.1	5.1
58321	2014	1	20	5.0	9.0	1.2	37.0	2.4	6.7
58321	2014	1	21	0.8	8.0	-5.3	44.0	1.5	7.9
58321	2014	1	22	2.0	10.1	-5.0	50.0	1.6	8.8
58321	2014	1	23	6.2	14.6	0.0	49.0	2.8	8.6
58321	2014	1	24	11.1	20.5	5.6	40.0	3.4	4.6
58321	2014	1	25	7.8	14.0	3.8	51.0	2.8	1.7
58321	2014	1	26	6.4	10.6	3.4	60.0	3.7	6.8
58321	2014	1	27	5.9	12.6	0.6	71.0	1.5	3.3
58321	2014	1	28	8.0	13.5	3.4	74.0	2.3	1.9
58321	2014	1	29	6.9	9.5	5.2	98.0	1.1	0.0
58321	2014	1	30	8.5	16.6	2.2	92.0	1.3	5.6
58321	2014	1	31	12.3	19.1	6.6	85.0	2.5	6.0
58321	2014	2	1	10.7	12.9	9.1	96.0	1.7	0.0
58321	2014	2	2	9.7	12.0	8.2	98.0	1.6	0.0
58321	2014	2	3	7.1	11.4	3.2	94.0	3.6	0.0
58321	2014	2	4	2.5	4.9	-0.7	61.0	4.5	2.3
58321	2014	2	5	0.7	3.8	-1.0	97.0	3.5	0.0
58321	2014	2	6	1.7	3.1	0.8	100.0	3.2	0.0
58321	2014	2	7	-0.1	0.8	-0.5	99.0	3.0	0.0
58321	2014	2	8	-0.8	0.5	-1.5	87.0	2.4	0.0
58321	2014	2	9	-1.5	-0.4	-2.2	83.0	3.0	0.0
58321	2014	2	10	-3.1	-0.3	-5.0	61.0	3.4	5.9
58321	2014	2	11	-2.7	1.5	-6.4	63.0	1.9	5.8
58321	2014	2	12	-0.5	2.9	-5.2	62.0	2.3	3.5
58321	2014	2	13	0.6	4.4	-1.7	90.0	2.3	0.0
58321	2014	2	14	0.6	4.6	-2.4	94.0	1.2	0.0
58321	2014	2	15	2.4	9.2	-3.5	78.0	1.3	7.6
58321	2014	2	16	3.9	5.6	2.9	94.0	0.9	0.0
58321	2014	2	17	2.8	4.3	1.6	100.0	2.7	0.0
58321	2014	2	18	-0.7	3.2	-1.2	99.0	2.7	0.0
58321	2014	2	19	1.0	5.7	-1.7	91.0	0.8	3.3
58321	2014	2	20	3.4	9.8	-2.0	81.0	1.1	7.8
58321	2014	2	21	5.3	11.8	-1.9	70.0	2.2	8.4
58321	2014	2	22	8.7	15.1	3.1	68.0	1.7	6.0
58321	2014	2	23	9.7	15.7	4.5	72.0	2.2	5.6
58321	2014	2	24	8.9	11.5	7.2	78.0	2.3	0.0
58321	2014	2	25	8.7	10.0	7.3	100.0	1.6	0.0
58321	2014	2	26	10.1	12.1	8.8	97.0	1.3	0.0
58321	2014	2	27	10.3	13.4	8.2	98.0	0.7	0.0
58321	2014	2	28	6.1	10.5	5.3	100.0	3.7	0.0
58321	2014	3	1	4.6	5.8	3.5	90.0	3.0	0.0
58321	2014	3	2	6.3	9.2	3.9	70.0	2.2	0.8
58321	2014	3	3	8.3	14.2	2.3	61.0	2.5	5.0
58321	2014	3	4	10.2	15.5	6.4	71.0	1.5	4.6
58321	2014	3	5	8.1	12.7	4.3	68.0	3.0	6.1
58321	2014	3	6	6.2	9.2	4.7	67.0	2.7	0.0
58321	2014	3	7	6.0	10.6	1.3	69.0	2.4	0.7
58321	2014	3	8	6.6	8.1	5.7	75.0	1.5	0.0
58321	2014	3	9	7.0	14.2	0.3	79.0	0.6	8.9
58321	2014	3	10	9.3	16.6	1.5	62.0	1.7	9.1
58321	2014	3	11	11.5	19.0	3.6	66.0	3.4	8.4
58321	2014	3	12	10.9	14.5	7.3	95.0	3.0	0.0
58321	2014	3	13	7.7	12.0	5.3	57.0	2.4	7.0
58321	2014	3	14	9.9	19.3	0.6	64.0	2.0	9.5
58321	2014	3	15	12.8	21.7	4.0	61.0	2.4	9.4
58321	2014	3	16	14.7	21.9	6.8	65.0	2.3	9.0
58321	2014	3	17	18.3	25.2	11.5	72.0	2.5	9.5
58321	2014	3	18	18.6	26.1	11.2	73.0	2.0	6.7
58321	2014	3	19	10.1	19.3	8.3	82.0	3.5	0.0
58321	2014	3	20	10.8	14.2	7.6	57.0	2.8	4.0
58321	2014	3	21	9.5	16.3	2.8	58.0	1.8	10.0
58321	2014	3	22	12.8	20.0	3.1	55.0	1.8	10.3
58321	2014	3	23	15.7	22.7	7.6	51.0	1.3	4.4
58321	2014	3	24	16.3	19.4	14.3	73.0	1.1	0.0
58321	2014	3	25	16.8	20.2	14.9	96.0	1.4	0.0
58321	2014	3	26	16.8	23.0	11.0	85.0	1.7	0.0
58321	2014	3	27	19.5	27.6	11.0	65.0	2.4	10.1
58321	2014	3	28	21.4	27.4	17.2	78.0	2.9	6.5
58321	2014	3	29	17.8	23.1	15.6	99.0	1.5	0.0
58321	2014	3	30	17.0	21.6	13.0	77.0	2.3	5.6
58321	2014	3	31	15.0	18.6	12.5	48.0	3.3	0.0
58321	2014	4	1	15.1	21.2	8.4	67.0	1.7	9.6
58321	2014	4	2	17.0	22.8	9.1	63.0	1.6	10.8
58321	2014	4	3	17.9	23.3	14.0	70.0	1.9	7.7
58321	2014	4	4	15.5	22.3	7.9	55.0	1.7	10.0
58321	2014	4	5	15.3	21.2	10.7	58.0	2.7	7.7
58321	2014	4	6	13.9	19.1	8.8	39.0	2.7	4.7
58321	2014	4	7	15.7	19.8	13.0	68.0	2.1	2.3
58321	2014	4	8	18.1	23.4	15.2	82.0	0.8	4.9
58321	2014	4	9	20.0	26.5	12.7	74.0	1.6	10.0
58321	2014	4	10	22.3	29.5	14.8	59.0	1.6	8.5
58321	2014	4	11	16.4	24.0	14.3	95.0	1.6	0.0
58321	2014	4	12	14.0	15.5	13.2	100.0	2.5	0.0
58321	2014	4	13	14.9	18.8	13.2	91.0	1.3	0.5
58321	2014	4	14	17.0	23.3	10.5	78.0	1.9	9.8
58321	2014	4	15	16.1	20.5	13.6	79.0	2.5	0.0
58321	2014	4	16	15.5	18.3	12.7	93.0	1.6	0.0
58321	2014	4	17	16.9	19.8	14.6	94.0	0.8	0.0
58321	2014	4	18	17.0	19.7	14.6	90.0	2.5	0.0
58321	2014	4	19	12.7	15.3	12.2	100.0	2.7	0.0
58321	2014	4	20	15.1	18.5	12.8	88.0	1.5	0.0
58321	2014	4	21	13.6	15.8	12.8	100.0	2.0	0.0
58321	2014	4	22	15.0	20.0	12.1	87.0	1.6	5.7
58321	2014	4	23	16.9	21.9	10.8	76.0	1.9	8.2
58321	2014	4	24	18.8	23.8	12.5	60.0	2.1	6.5
58321	2014	4	25	18.6	21.9	17.5	91.0	1.7	0.6
58321	2014	4	26	16.3	18.0	15.3	96.0	2.1	0.0
58321	2014	4	27	14.8	17.4	13.1	95.0	3.0	0.0
58321	2014	4	28	18.1	23.1	13.3	70.0	2.2	9.7
58321	2014	4	29	18.5	24.6	11.3	68.0	1.2	8.3
58321	2014	4	30	20.2	26.5	12.7	66.0	1.8	10.0
58321	2014	5	1	22.2	29.4	13.7	60.0	1.7	11.0
58321	2014	5	2	20.5	25.1	16.3	56.0	2.1	4.8
58321	2014	5	3	20.5	24.9	14.1	55.0	2.0	9.6
58321	2014	5	4	18.1	20.7	16.8	78.0	1.8	0.0
58321	2014	5	5	17.3	21.9	11.0	46.0	2.0	9.1
58321	2014	5	6	18.5	25.5	9.8	54.0	1.9	11.4
58321	2014	5	7	22.8	29.9	15.2	57.0	2.0	10.9
58321	2014	5	8	23.4	29.7	16.1	68.0	2.1	9.9
58321	2014	5	9	22.8	27.4	19.7	52.0	4.0	0.6
58321	2014	5	10	19.1	22.2	17.8	94.0	3.1	0.0
58321	2014	5	11	17.7	21.1	14.5	89.0	3.2	0.0
58321	2014	5	12	21.1	28.3	14.2	68.0	1.7	10.3
58321	2014	5	13	22.6	27.4	14.9	73.0	2.1	7.3
58321	2014	5	14	22.0	26.2	19.0	79.0	1.5	0.0
58321	2014	5	15	21.5	26.2	16.0	45.0	2.1	9.7
58321	2014	5	16	22.2	28.1	14.5	59.0	1.8	4.7
58321	2014	5	17	20.2	23.6	18.1	71.0	1.6	0.0
58321	2014	5	18	22.4	27.1	19.1	74.0	1.1	2.3
58321	2014	5	19	20.2	23.7	16.6	85.0	1.8	0.0
58321	2014	5	20	22.6	29.4	15.7	84.0	1.4	8.5
58321	2014	5	21	25.1	30.4	20.4	76.0	1.7	6.7
58321	2014	5	22	26.5	31.5	20.0	56.0	3.0	10.9
58321	2014	5	23	25.0	29.8	19.6	65.0	3.4	9.5
58321	2014	5	24	24.9	27.8	22.2	80.0	2.8	0.0
58321	2014	5	25	26.1	30.4	23.3	80.0	2.3	4.9
58321	2014	5	26	26.3	31.6	23.2	51.0	2.3	8.9
58321	2014	5	27	26.9	34.4	18.7	54.0	2.7	9.1
58321	2014	5	28	28.2	35.5	21.1	59.0	1.5	9.6
58321	2014	5	29	28.5	35.6	23.5	64.0	2.3	7.9
58321	2014	5	30	29.1	35.7	21.8	59.0	2.2	8.1
58321	2014	5	31	24.9	30.5	23.5	84.0	2.1	0.0
58321	2014	6	1	24.0	26.6	23.2	97.0	2.9	0.0
58321	2014	6	2	21.8	23.7	20.1	79.0	3.5	0.8
58321	2014	6	3	22.1	25.8	19.5	74.0	2.2	2.6
58321	2014	6	4	24.2	29.6	17.6	69.0	1.3	7.2
58321	2014	6	5	25.9	31.5	19.7	72.0	0.9	8.5
58321	2014	6	6	27.4	31.9	22.4	65.0	1.5	5.8
58321	2014	6	7	27.1	30.2	23.5	75.0	1.3	0.0
58321	2014	6	8	28.0	32.4	23.6	64.0	1.6	2.3
58321	2014	6	9	27.0	32.6	21.8	72.0	2.5	9.9
58321	2014	6	10	27.6	33.2	22.2	62.0	2.1	10.0
58321	2014	6	11	27.3	32.3	22.4	62.0	2.1	9.2
58321	2014	6	12	26.8	31.1	23.5	61.0	2.2	9.9
58321	2014	6	13	27.7	33.3	20.9	58.0	1.5	8.3
58321	2014	6	14	29.3	34.6	24.7	57.0	1.5	1.8
58321	2014	6	15	23.1	29.2	21.2	91.0	2.2	0.0
58321	2014	6	16	21.3	22.6	20.5	95.0	1.7	0.0
58321	2014	6	17	22.8	26.8	20.4	88.0	1.2	0.0
58321	2014	6	18	25.3	30.1	21.4	84.0	1.9	4.0
58321	2014	6	19	26.6	32.8	20.9	82.0	2.0	7.8
58321	2014	6	20	27.3	31.2	23.8	32766.0	3.0	4.3
58321	2014	6	21	25.0	27.8	24.4	32766.0	2.3	0.0
58321	2014	6	22	25.2	29.5	22.3	81.0	1.2	1.9
58321	2014	6	23	26.3	30.3	23.3	70.0	1.4	3.9
58321	2014	6	24	27.4	32.6	22.3	70.0	1.9	9.0
58321	2014	6	25	22.1	27.9	20.4	88.0	1.7	0.0
58321	2014	6	26	21.4	22.6	20.3	96.0	1.5	0.0
58321	2014	6	27	23.6	27.4	21.9	91.0	1.3	0.0
58321	2014	6	28	25.6	30.4	20.7	85.0	1.3	0.0
58321	2014	6	29	27.2	30.0	24.1	80.0	1.2	0.0
58321	2014	6	30	26.9	29.1	23.7	82.0	1.7	1.2
58321	2014	7	1	22.4	26.4	20.1	92.0	1.5	0.0
58321	2014	7	2	24.0	28.1	21.0	90.0	1.4	1.0
58321	2014	7	3	26.4	31.5	22.0	83.0	1.7	8.5
58321	2014	7	4	24.7	28.0	22.6	89.0	2.3	0.0
58321	2014	7	5	21.9	23.4	20.4	92.0	3.2	0.0
58321	2014	7	6	24.6	29.5	20.3	80.0	1.4	4.2
58321	2014	7	7	26.2	30.8	21.2	80.0	1.5	6.3
58321	2014	7	8	27.2	31.9	22.4	76.0	1.5	7.9
58321	2014	7	9	28.0	32.3	23.7	75.0	1.4	4.6
58321	2014	7	10	29.4	35.0	23.3	70.0	1.1	10.7
58321	2014	7	11	30.1	35.1	26.8	70.0	1.5	0.4
58321	2014	7	12	23.8	30.6	22.0	92.0	2.9	0.0
58321	2014	7	13	24.7	28.7	22.0	84.0	1.5	5.2
58321	2014	7	14	26.0	30.3	22.2	85.0	1.8	6.9
58321	2014	7	15	27.2	29.8	23.5	79.0	2.3	4.9
58321	2014	7	16	25.9	27.4	24.9	88.0	2.4	0.0
58321	2014	7	17	26.6	29.6	24.5	85.0	1.4	0.0
58321	2014	7	18	28.7	32.4	25.3	86.0	1.1	0.0
58321	2014	7	19	30.4	34.0	27.6	85.0	1.0	0.0
58321	2014	7	20	31.8	36.6	27.0	70.0	1.7	7.5
58321	2014	7	21	32.4	36.9	28.0	73.0	1.9	11.3
58321	2014	7	22	33.1	37.5	28.2	70.0	1.6	10.3
58321	2014	7	23	33.1	37.7	27.6	64.0	1.9	11.4
58321	2014	7	24	29.7	33.9	25.1	81.0	4.8	1.6
58321	2014	7	25	26.4	29.5	24.4	80.0	4.3	5.3
58321	2014	7	26	27.2	31.2	24.0	78.0	1.3	1.3
58321	2014	7	27	27.5	32.0	25.7	83.0	1.6	3.0
58321	2014	7	28	27.2	32.0	24.5	86.0	1.4	3.3
58321	2014	7	29	29.6	34.2	25.5	81.0	2.1	8.8
58321	2014	7	30	32.0	36.0	28.3	75.0	2.4	11.4
58321	2014	7	31	28.5	33.1	24.2	81.0	1.4	10.5
58321	2014	8	1	27.9	32.6	26.2	85.0	2.6	5.4
58321	2014	8	2	28.3	32.4	24.8	79.0	1.6	4.3
58321	2014	8	3	30.3	34.4	26.7	78.0	1.6	5.2
58321	2014	8	4	31.6	36.5	27.2	74.0	1.7	9.0
58321	2014	8	5	32.2	36.6	28.1	75.0	1.3	7.6
58321	2014	8	6	29.0	35.4	26.3	82.0	2.4	6.6
58321	2014	8	7	25.8	30.8	22.5	91.0	2.0	0.0
58321	2014	8	8	23.1	24.6	21.8	93.0	2.0	0.0
58321	2014	8	9	24.6	28.2	23.3	90.0	1.9	0.0
58321	2014	8	10	23.7	27.3	21.5	88.0	1.3	0.0
58321	2014	8	11	25.3	28.2	23.3	85.0	1.3	0.0
58321	2014	8	12	25.1	29.4	22.8	83.0	2.2	2.5
58321	2014	8	13	21.1	23.4	20.0	95.0	3.2	0.0
58321	2014	8	14	22.9	26.1	21.0	92.0	1.3	0.0
58321	2014	8	15	24.9	30.4	20.2	84.0	1.3	8.7
58321	2014	8	16	26.3	29.6	23.1	84.0	2.0	0.0
58321	2014	8	17	22.8	25.9	20.6	84.0	1.7	0.0
58321	2014	8	18	22.6	25.2	20.9	89.0	0.8	0.0
58321	2014	8	19	24.8	29.7	20.2	81.0	1.3	5.4
58321	2014	8	20	25.0	29.5	21.8	82.0	1.3	5.7
58321	2014	8	21	25.9	31.0	21.0	79.0	1.7	9.8
58321	2014	8	22	27.7	32.0	24.2	79.0	0.9	7.0
58321	2014	8	23	28.9	33.5	25.2	78.0	1.6	4.3
58321	2014	8	24	26.0	29.5	24.5	89.0	2.5	1.7
58321	2014	8	25	26.3	30.6	23.5	85.0	0.8	1.8
58321	2014	8	26	26.3	29.5	23.8	84.0	1.2	0.0
58321	2014	8	27	22.0	26.4	20.9	94.0	2.6	0.0
58321	2014	8	28	22.6	25.1	20.9	91.0	1.4	0.0
58321	2014	8	29	23.9	27.0	22.1	90.0	0.9	0.0
58321	2014	8	30	24.9	29.5	21.9	85.0	1.7	1.8
58321	2014	8	31	24.6	27.6	22.9	92.0	2.1	0.0
58321	2014	9	1	23.5	26.1	21.9	90.0	1.4	0.0
58321	2014	9	2	23.0	26.5	22.4	94.0	1.2	0.0
58321	2014	9	3	22.6	25.3	20.8	84.0	1.9	0.0
58321	2014	9	4	22.9	28.9	18.0	82.0	1.3	8.2
58321	2014	9	5	24.4	28.5	20.9	82.0	1.3	1.4
58321	2014	9	6	25.4	30.4	21.4	86.0	1.7	1.5
58321	2014	9	7	26.9	32.2	22.5	81.0	1.5	7.8
58321	2014	9	8	24.9	26.6	23.6	93.0	1.5	0.0
58321	2014	9	9	25.7	28.9	23.6	90.0	1.3	0.0
58321	2014	9	10	23.6	26.1	22.6	94.0	2.1	0.0
58321	2014	9	11	23.1	25.6	21.6	83.0	2.9	0.0
58321	2014	9	12	20.2	22.2	18.0	91.0	2.4	0.0
58321	2014	9	13	20.3	22.0	17.9	97.0	1.5	0.0
58321	2014	9	14	23.9	27.7	21.4	88.0	1.7	0.5
58321	2014	9	15	23.9	25.9	22.4	84.0	2.3	0.0
58321	2014	9	16	24.2	27.4	21.1	78.0	2.3	2.6
58321	2014	9	17	24.2	28.3	20.5	83.0	1.4	3.3
58321	2014	9	18	19.8	24.8	18.4	94.0	2.0	0.0
58321	2014	9	19	19.7	22.3	16.8	87.0	1.7	0.0
58321	2014	9	20	20.5	26.9	15.6	86.0	1.2	7.7
58321	2014	9	21	22.4	28.0	16.9	77.0	2.2	9.9
58321	2014	9	22	23.0	27.6	18.6	69.0	3.6	6.9
58321	2014	9	23	22.1	24.3	21.0	84.0	3.4	0.0
58321	2014	9	24	23.6	28.8	20.2	77.0	1.6	2.1
58321	2014	9	25	24.4	29.2	21.4	77.0	1.3	1.5
58321	2014	9	26	24.4	28.2	21.6	77.0	1.7	2.1
58321	2014	9	27	24.5	27.3	21.2	85.0	1.8	0.0
58321	2014	9	28	26.6	32.8	23.5	85.0	2.5	5.7
58321	2014	9	29	21.0	25.7	20.1	91.0	3.2	0.0
58321	2014	9	30	20.0	21.5	18.2	80.0	2.6	0.0
58321	2014	10	1	19.6	25.3	15.0	72.0	2.0	9.4
58321	2014	10	2	21.6	26.1	19.3	78.0	1.4	4.0
58321	2014	10	3	21.2	27.4	15.7	79.0	1.6	8.3
58321	2014	10	4	21.0	26.8	14.5	62.0	1.8	10.6
58321	2014	10	5	21.9	27.5	15.9	66.0	1.4	8.9
58321	2014	10	6	19.9	23.9	16.6	58.0	2.5	9.3
58321	2014	10	7	17.7	23.6	11.8	70.0	1.8	10.0
58321	2014	10	8	18.5	25.0	12.8	72.0	2.0	9.9
58321	2014	10	9	20.3	25.9	14.4	72.0	2.2	6.2
58321	2014	10	10	20.5	25.6	15.9	71.0	2.4	8.7
58321	2014	10	11	22.1	27.1	17.6	69.0	1.5	8.2
58321	2014	10	12	21.1	25.2	16.4	72.0	2.4	6.4
58321	2014	10	13	16.2	21.8	13.8	66.0	3.2	4.6
58321	2014	10	14	15.3	21.0	9.5	58.0	1.6	9.0
58321	2014	10	15	16.6	24.9	9.1	70.0	1.0	9.6
58321	2014	10	16	18.5	22.0	15.3	71.0	1.3	0.0
58321	2014	10	17	20.1	24.8	16.8	67.0	1.3	1.0
58321	2014	10	18	19.7	27.4	12.9	72.0	1.5	8.9
58321	2014	10	19	21.5	28.2	16.6	69.0	1.7	6.9
58321	2014	10	20	22.0	27.8	17.9	80.0	1.1	0.0
58321	2014	10	21	17.7	22.9	16.1	93.0	2.3	0.0
58321	2014	10	22	16.5	22.6	13.0	87.0	1.2	6.4
58321	2014	10	23	16.7	24.7	11.5	84.0	0.8	8.7
58321	2014	10	24	18.1	26.0	11.6	80.0	1.3	9.4
58321	2014	10	25	19.6	27.3	13.8	75.0	1.4	9.7
58321	2014	10	26	20.9	29.5	14.2	73.0	1.4	9.5
58321	2014	10	27	18.9	19.9	16.6	71.0	3.5	0.0
58321	2014	10	28	15.7	18.4	12.7	71.0	2.9	0.0
58321	2014	10	29	16.1	17.6	14.7	89.0	2.4	0.0
58321	2014	10	30	16.2	16.7	15.7	97.0	1.0	0.0
58321	2014	10	31	16.3	17.3	15.5	95.0	1.7	0.0
58321	2014	11	1	17.3	19.4	15.9	85.0	2.2	0.0
58321	2014	11	2	14.5	17.7	12.5	62.0	4.0	6.8
58321	2014	11	3	10.6	17.2	4.8	66.0	0.8	9.2
58321	2014	11	4	11.8	19.8	5.1	72.0	1.2	9.3
58321	2014	11	5	12.1	18.5	8.1	87.0	1.1	2.4
58321	2014	11	6	12.9	18.9	8.5	84.0	1.3	7.0
58321	2014	11	7	13.2	15.5	10.7	76.0	2.7	3.1
58321	2014	11	8	10.9	13.0	9.8	86.0	2.3	0.0
58321	2014	11	9	12.0	14.2	10.7	77.0	1.4	0.0
58321	2014	11	10	13.1	15.9	11.7	76.0	1.2	0.0
58321	2014	11	11	13.0	17.7	10.4	84.0	1.0	1.7
58321	2014	11	12	13.2	18.0	9.1	61.0	2.1	4.8
58321	2014	11	13	10.5	16.2	5.9	47.0	2.1	9.2
58321	2014	11	14	10.4	18.1	3.4	69.0	1.4	8.5
58321	2014	11	15	10.6	13.7	6.5	69.0	1.7	0.0
58321	2014	11	16	10.6	15.3	6.0	81.0	1.5	5.1
58321	2014	11	17	10.6	14.8	8.0	55.0	2.5	6.4
58321	2014	11	18	7.5	15.6	1.5	68.0	0.8	7.9
58321	2014	11	19	8.3	13.7	3.9	78.0	1.6	1.2
58321	2014	11	20	11.0	18.6	5.0	79.0	1.3	8.6
58321	2014	11	21	13.5	21.5	9.0	76.0	1.0	7.4
58321	2014	11	22	16.4	21.7	12.3	66.0	1.5	5.1
58321	2014	11	23	15.1	16.9	13.2	90.0	2.0	0.0
58321	2014	11	24	12.1	14.6	10.1	94.0	2.4	0.0
58321	2014	11	25	10.2	11.0	9.2	93.0	2.0	0.0
58321	2014	11	26	11.6	15.1	10.1	88.0	1.3	0.0
58321	2014	11	27	11.5	13.2	9.1	94.0	1.3	0.0
58321	2014	11	28	10.5	12.3	9.1	84.0	2.1	0.0
58321	2014	11	29	11.1	13.3	8.5	94.0	1.5	0.0
58321	2014	11	30	10.3	12.1	9.5	90.0	3.4	0.0
58321	2014	12	1	5.8	10.4	3.5	46.0	3.2	7.3
58321	2014	12	2	2.7	7.4	-1.2	53.0	1.5	8.6
58321	2014	12	3	4.0	5.7	1.8	71.0	1.7	0.0
58321	2014	12	4	3.1	7.9	-1.0	61.0	2.4	8.1
58321	2014	12	5	2.1	11.3	-3.8	71.0	1.0	8.4
58321	2014	12	6	3.5	11.3	-1.9	70.0	1.0	6.1
58321	2014	12	7	7.5	12.7	3.2	51.0	1.8	6.2
58321	2014	12	8	4.7	9.9	-0.9	53.0	1.6	8.4
58321	2014	12	9	7.3	13.2	2.3	71.0	2.5	5.7
58321	2014	12	10	6.0	10.2	4.2	84.0	2.6	0.0
58321	2014	12	11	6.2	8.2	4.6	48.0	2.3	1.4
58321	2014	12	12	4.1	9.4	-1.2	49.0	1.8	7.6
58321	2014	12	13	2.2	10.9	-3.3	64.0	1.0	7.4
58321	2014	12	14	4.3	12.2	-2.3	64.0	1.7	8.2
58321	2014	12	15	4.8	8.8	-0.7	63.0	2.3	0.0
58321	2014	12	16	3.2	7.5	0.5	34.0	2.8	8.4
58321	2014	12	17	1.9	9.3	-3.6	49.0	1.9	8.1
58321	2014	12	18	3.8	10.1	-2.8	56.0	1.7	6.9
58321	2014	12	19	7.6	13.2	5.0	62.0	1.6	5.8
58321	2014	12	20	4.7	8.3	1.4	46.0	1.9	7.0
58321	2014	12	21	3.7	6.6	2.2	36.0	2.5	7.2
58321	2014	12	22	2.3	10.6	-4.9	50.0	1.6	8.3
58321	2014	12	23	3.5	11.3	-2.1	57.0	1.1	4.1
58321	2014	12	24	4.7	13.6	-2.0	63.0	1.3	6.6
58321	2014	12	25	4.7	7.6	1.3	63.0	2.0	2.6
58321	2014	12	26	3.7	8.3	-0.7	66.0	1.6	1.9
58321	2014	12	27	4.8	10.4	0.1	74.0	1.4	8.2
58321	2014	12	28	6.4	15.2	1.4	65.0	1.2	8.0
58321	2014	12	29	6.0	15.9	-0.4	79.0	1.4	6.8
58321	2014	12	30	7.3	16.8	1.0	78.0	1.3	8.0
58321	2014	12	31	5.6	10.6	3.1	42.0	3.4	8.9
