61
1 208.800000
2 61.200000
3 25.920000
4 13.320000
5 6.840000
6 5.580000
7 4.320000
8 2.300000
9 1.510000
10 1.190000
11 0.900000
12 0.600000
23116141 3.390000
23115154 5.260000
23116142 37.120000
23118104 9.160000
23116143 3.350000
23115184 9.220000
23115173 18.830000
23115174 4.680000
23115143 26.050000
23115142 69.010000
23116146 0.960000
23115182 8.850000
23112111 9.820000
23112112 11.470000
23119112 0.710000
23112114 4.960000
23112121 7.220000
23112122 3.590000
23115111 4.910000
23116101 10.760000
23111112 2.430000
23111114 1.970000
23119105 15.430000
23111118 1.870000
23111121 2.280000
23116122 16.590000
23115194 26.500000
23121125 1.790000
23121121 12.250000
23121122 19.400000
23121123 7.760000
101 4.840000
102 2.680000
103 1.880000
104 2.840000
105 3.650000
106 3.840000
107 3.490000
108 3.280000
109 3.930000
110 3.910000
111 12.030000
23116144 3.280000
23115122 2.180000
23110132 7.850000
23121131 39.850000
23110141 7.890000
23119102 12.460000
23119103 11.610000
