61
1 0.062000
2 0.105000
3 0.190000
4 0.284000
5 0.258000
6 0.232000
7 0.244000
8 0.342000
9 0.310000
10 0.321000
11 0.371000
12 0.378000
23116141 0.328000
23115154 0.400000
23116142 0.201000
23118104 0.250000
23116143 0.329000
23115184 0.261000
23115173 0.207000
23115174 0.321000
23115143 0.165000
23115142 0.092000
23116146 0.360000
23115182 0.271000
23112111 0.284000
23112112 0.272000
23119112 0.435000
23112114 0.326000
23112121 0.266000
23112122 0.315000
23115111 0.315000
23116101 0.295000
23111112 0.322000
23111114 0.337000
23119105 0.318000
23111118 0.338000
23111121 0.333000
23116122 0.325000
23115194 0.295000
23121125 0.357000
23121121 0.331000
23121122 0.313000
23121123 0.310000
101 0.323000
102 0.377000
103 0.385000
104 0.378000
105 0.357000
106 0.349000
107 0.362000
108 0.369000
109 0.379000
110 0.381000
111 0.309000
23116144 0.325000
23115122 0.398000
23110132 0.327000
23121131 0.302000
23110141 0.363000
23119102 0.310000
23119103 0.310000
