61
1 3.400000
2 3.900000
3 4.500000
4 5.000000
5 3.700000
6 5.800000
7 7.200000
8 8.300000
9 8.300000
10 9.600000
11 10.400000
12 12.100000
23116141 7.200000
23115154 12.100000
23116142 4.500000
23118104 7.200000
23116143 7.200000
23115184 7.200000
23115173 4.500000
23115174 8.300000
23115143 4.500000
23115142 3.900000
23116146 9.600000
23115182 5.800000
23112111 7.200000
23112112 7.200000
23119112 12.100000
23112114 8.300000
23112121 7.200000
23112122 8.300000
23115111 8.300000
23116101 7.200000
23111112 9.600000
23111114 9.600000
23119105 5.800000
23111118 9.600000
23111121 9.600000
23116122 7.200000
23115194 7.200000
23121125 8.300000
23121121 8.300000
23121122 5.800000
23121123 8.300000
101 5.800000
102 8.300000
103 8.300000
104 8.300000
105 8.300000
106 8.300000
107 8.300000
108 8.300000
109 8.300000
110 8.300000
111 5.800000
23116144 7.200000
23115122 10.400000
23110132 5.000000
23121131 5.800000
23110141 7.200000
23119102 5.000000
23119103 5.800000
