61
1 0.437000
2 0.437000
3 0.453000
4 0.501000
5 0.482000
6 0.463000
7 0.398000
8 0.471000
9 0.464000
10 0.430000
11 0.479000
12 0.475000
23116141 0.439000
23115154 0.529000
23116142 0.441000
23118104 0.407000
23116143 0.439000
23115184 0.417000
23115173 0.401000
23115174 0.441000
23115143 0.388000
23115142 0.401000
23116146 0.433000
23115182 0.423000
23112111 0.444000
23112112 0.440000
23119112 0.501000
23112114 0.452000
23112121 0.410000
23112122 0.428000
23115111 0.438000
23116101 0.458000
23111112 0.421000
23111114 0.430000
23119105 0.497000
23111118 0.429000
23111121 0.430000
23116122 0.518000
23115194 0.516000
23121125 0.446000
23121121 0.502000
23121122 0.510000
23121123 0.455000
101 0.417000
102 0.435000
103 0.434000
104 0.439000
105 0.425000
106 0.419000
107 0.429000
108 0.434000
109 0.452000
110 0.453000
111 0.434000
23116144 0.435000
23115122 0.493000
23110132 0.467000
23121131 0.555000
23110141 0.512000
23119102 0.474000
23119103 0.473000
