61
1 0.020000
2 0.035000
3 0.041000
4 0.015000
5 0.015000
6 0.027000
7 0.068000
8 0.040000
9 0.075000
10 0.109000
11 0.056000
12 0.090000
23116141 0.068000
23115154 0.090000
23116142 0.041000
23118104 0.068000
23116143 0.068000
23115184 0.068000
23115173 0.041000
23115174 0.075000
23115143 0.041000
23115142 0.035000
23116146 0.109000
23115182 0.027000
23112111 0.068000
23112112 0.068000
23119112 0.090000
23112114 0.075000
23112121 0.068000
23112122 0.075000
23115111 0.075000
23116101 0.068000
23111112 0.109000
23111114 0.109000
23119105 0.027000
23111118 0.109000
23111121 0.109000
23116122 0.068000
23115194 0.068000
23121125 0.075000
23121121 0.075000
23121122 0.027000
23121123 0.075000
101 0.027000
102 0.040000
103 0.040000
104 0.040000
105 0.040000
106 0.040000
107 0.040000
108 0.040000
109 0.040000
110 0.040000
111 0.027000
23116144 0.068000
23115122 0.056000
23110132 0.015000
23121131 0.027000
23110141 0.068000
23119102 0.015000
23119103 0.027000
