108
1 1000.000000
2 1000.000000
3 1000.000000
4 1000.000000
5 1000.000000
6 1500.000000
7 1500.000000
8 1500.000000
9 1000.000000
10 1000.000000
11 1000.000000
12 1000.000000
13 1000.000000
14 1000.000000
15 1000.000000
16 1000.000000
17 1000.000000
18 1000.000000
19 1000.000000
20 1000.000000
21 1000.000000
22 1000.000000
23 1000.000000
24 1000.000000
25 1000.000000
26 1000.000000
27 1000.000000
28 1000.000000
29 1000.000000
30 1000.000000
31 1000.000000
32 1000.000000
33 1000.000000
34 1000.000000
35 1000.000000
36 1000.000000
37 1000.000000
38 1000.000000
39 1000.000000
40 1000.000000
41 1000.000000
42 1000.000000
43 1000.000000
44 1000.000000
45 1000.000000
46 1000.000000
47 1000.000000
48 1000.000000
49 1000.000000
50 1000.000000
51 1000.000000
52 1000.000000
53 1000.000000
54 1000.000000
55 1000.000000
56 1000.000000
57 1000.000000
58 1000.000000
59 1000.000000
60 1000.000000
61 1000.000000
62 1000.000000
63 1000.000000
64 1000.000000
65 1000.000000
66 1000.000000
67 1000.000000
68 1000.000000
69 1000.000000
70 1000.000000
71 1000.000000
72 1000.000000
73 1000.000000
74 1000.000000
75 1000.000000
76 1000.000000
77 1000.000000
78 1000.000000
79 1000.000000
80 1000.000000
81 1000.000000
82 1000.000000
83 1000.000000
84 1000.000000
85 1000.000000
86 1000.000000
87 1000.000000
88 1000.000000
89 1000.000000
90 1000.000000
91 1000.000000
92 1000.000000
93 1000.000000
94 1000.000000
95 1000.000000
96 1000.000000
97 1000.000000
98 1000.000000
101 1000.000000
102 1000.000000
103 1000.000000
104 1000.000000
105 1000.000000
106 1000.000000
107 1000.000000
108 1000.000000
191 1000.000000
192 1000.000000
