61
1 0.900000
2 0.800000
3 0.700000
4 0.200000
5 0.050000
6 0.400000
7 0.600000
8 0.100000
9 0.300000
10 0.500000
11 0.150000
12 0.200000
23116141 0.467200
23115154 0.178300
23116142 0.550400
23118104 0.659500
23116143 0.462600
23115184 0.615700
23115173 0.576500
23115174 0.323000
23115143 0.763100
23115142 0.881600
23116146 0.500500
23115182 0.500700
23112111 0.615400
23112112 0.579000
23119112 0.235600
23112114 0.443000
23112121 0.573900
23112122 0.436100
23115111 0.318100
23116101 0.499500
23111112 0.513800
23111114 0.567700
23119105 0.293500
23111118 0.472800
23111121 0.486100
23116122 0.650500
23115194 0.539500
23121125 0.348700
23121121 0.412000
23121122 0.406200
23121123 0.432500
101 0.250000
102 0.050000
103 0.135000
104 0.117000
105 0.100000
106 0.145000
107 0.093000
108 0.090000
109 0.100000
110 0.040000
111 0.320000
23116144 0.494300
23115122 0.783500
23110132 0.213400
23121131 0.485200
23110141 0.541600
23119102 0.271000
23119103 0.309900
