61
1 0.024000
2 0.047000
3 0.085000
4 0.135000
5 0.126000
6 0.116000
7 0.136000
8 0.210000
9 0.187000
10 0.221000
11 0.251000
12 0.251000
23116141 0.212000
23115154 0.262000
23116142 0.084000
23118104 0.164000
23116143 0.211000
23115184 0.166000
23115173 0.107000
23115174 0.180000
23115143 0.102000
23115142 0.049000
23116146 0.249000
23115182 0.159000
23112111 0.183000
23112112 0.167000
23119112 0.313000
23112114 0.203000
23112121 0.168000
23112122 0.196000
23115111 0.173000
23116101 0.174000
23111112 0.213000
23111114 0.232000
23119105 0.152000
23111118 0.225000
23111121 0.221000
23116122 0.209000
23115194 0.165000
23121125 0.229000
23121121 0.192000
23121122 0.166000
23121123 0.181000
101 0.168000
102 0.200000
103 0.233000
104 0.217000
105 0.179000
106 0.179000
107 0.184000
108 0.195000
109 0.213000
110 0.202000
111 0.154000
23116144 0.211000
23115122 0.257000
23110132 0.155000
23121131 0.154000
23110141 0.238000
23119102 0.142000
23119103 0.154000
