61
1 0.050000
2 0.050000
3 0.150000
4 0.100000
5 0.050000
6 0.200000
7 0.250000
8 0.350000
9 0.350000
10 0.400000
11 0.450000
12 0.600000
23116141 0.343300
23115154 0.434500
23116142 0.105300
23118104 0.260500
23116143 0.344200
23115184 0.262300
23115173 0.174000
23115174 0.293300
23115143 0.167400
23115142 0.087600
23116146 0.410000
23115182 0.250400
23112111 0.274300
23112112 0.254000
23119112 0.525400
23112114 0.319000
23112121 0.268100
23112122 0.321200
23115111 0.279000
23116101 0.259900
23111112 0.351800
23111114 0.368000
23119105 0.221000
23111118 0.366500
23111121 0.361800
23116122 0.260200
23115194 0.208000
23121125 0.388000
23121121 0.283800
23121122 0.229400
23121123 0.277000
101 0.268000
102 0.335000
103 0.389000
104 0.355000
105 0.285000
106 0.288000
107 0.296000
108 0.315000
109 0.354000
110 0.328000
111 0.232000
23116144 0.342500
23115122 0.084000
23110132 0.243600
23121131 0.175600
23110141 0.332200
23119102 0.210300
23119103 0.229400
