61
1 1.650000
2 1.600000
3 1.550000
4 1.500000
5 1.450000
6 1.500000
7 1.500000
8 1.500000
9 1.450000
10 1.400000
11 1.400000
12 1.350000
23116141 1.490000
23115154 1.250000
23116142 1.480000
23118104 1.570000
23116143 1.490000
23115184 1.540000
23115173 1.590000
23115174 1.480000
23115143 1.620000
23115142 1.590000
23116146 1.500000
23115182 15.530000
23112111 1.470000
23112112 1.480000
23119112 1.320000
23112114 1.450000
23112121 1.560000
23112122 1.520000
23115111 1.490000
23116101 1.440000
23111112 1.530000
23111114 1.510000
23119105 1.330000
23111118 1.510000
23111121 1.510000
23116122 1.280000
23115194 1.280000
23121125 1.470000
23121121 1.320000
23121122 1.300000
23121123 1.440000
101 1.470000
102 1.390000
103 1.390000
104 1.380000
105 1.420000
106 1.430000
107 1.410000
108 1.390000
109 1.350000
110 1.340000
111 1.390000
23116144 1.490000
23115122 1.340000
23110132 1.410000
23121131 1.180000
23110141 1.290000
23119102 1.390000
23119103 1.400000
