108
1 1.500000
2 1.500000
3 1.500000
4 2.000000
5 2.000000
6 3.500000
7 5.000000
8 2.500000
9 2.500000
10 3.500000
11 2.000000
12 1.500000
13 1.500000
14 1.500000
15 1.500000
16 2.000000
17 1.500000
18 0.000000
19 1.500000
20 1.500000
21 1.500000
22 2.000000
23 2.000000
24 2.000000
25 2.000000
26 2.000000
27 1.500000
28 1.500000
29 1.500000
30 1.500000
31 1.500000
32 1.500000
33 1.500000
34 1.500000
35 1.500000
36 1.500000
37 1.500000
38 1.500000
39 1.500000
40 1.500000
41 1.500000
42 1.500000
43 1.500000
44 1.500000
45 1.500000
46 1.500000
47 1.500000
48 1.500000
49 1.500000
50 1.500000
51 1.500000
52 1.500000
53 1.500000
54 1.500000
55 1.500000
56 1.000000
57 1.000000
58 1.000000
59 1.000000
60 1.000000
61 1.000000
62 1.000000
63 1.000000
64 1.000000
65 1.000000
66 1.000000
67 1.000000
68 1.000000
69 1.000000
70 1.000000
71 1.000000
72 1.000000
73 1.000000
74 1.000000
75 1.000000
76 1.000000
77 1.000000
78 1.000000
79 1.000000
80 1.000000
81 1.000000
82 1.000000
83 1.000000
84 1.000000
85 1.000000
86 1.000000
87 1.000000
88 1.000000
89 1.000000
90 1.000000
91 1.000000
92 1.000000
93 2.000000
94 2.000000
95 3.000000
96 3.000000
97 2.000000
98 0.000000
101 0.600000
102 1.000000
103 1.200000
104 1.300000
105 0.500000
106 0.200000
107 0.000000
108 0.700000
191 1.500000
192 1.500000
