108
1 0.150000
2 0.150000
3 0.150000
4 0.400000
5 0.150000
6 0.600000
7 0.800000
8 0.400000
9 0.200000
10 0.200000
11 0.200000
12 0.300000
13 0.300000
14 0.300000
15 0.300000
16 0.400000
17 0.400000
18 0.040000
19 0.150000
20 0.150000
21 0.150000
22 0.150000
23 0.150000
24 0.200000
25 0.200000
26 0.200000
27 0.150000
28 0.150000
29 0.150000
30 0.150000
31 0.150000
32 0.150000
33 0.100000
34 0.150000
35 0.150000
36 0.200000
37 0.200000
38 0.300000
39 0.300000
40 0.300000
41 0.300000
42 0.300000
43 0.300000
44 0.300000
45 0.300000
46 0.300000
47 0.300000
48 0.300000
49 0.300000
50 0.300000
51 0.300000
52 0.300000
53 0.300000
54 0.300000
55 0.300000
56 0.150000
57 0.150000
58 0.150000
59 0.150000
60 0.150000
61 0.150000
62 0.150000
63 0.150000
64 0.150000
65 0.200000
66 0.200000
67 0.200000
68 0.150000
69 0.150000
70 0.150000
71 0.150000
72 0.150000
73 0.150000
74 0.150000
75 0.150000
76 0.150000
77 0.150000
78 0.150000
79 0.150000
80 0.150000
81 0.150000
82 0.150000
83 0.150000
84 0.150000
85 0.150000
86 0.150000
87 0.150000
88 0.150000
89 0.150000
90 0.150000
91 0.150000
92 0.150000
93 0.400000
94 0.400000
95 0.600000
96 0.600000
97 0.600000
98 0.100000
101 0.020000
102 0.020000
103 0.020000
104 0.020000
105 0.020000
106 0.020000
107 0.020000
108 0.020000
191 0.300000
192 0.200000
