61
1 0.020000
2 0.040000
3 0.130000
4 0.380000
5 0.340000
6 0.300000
7 0.200000
8 0.320000
9 0.300000
10 0.280000
11 0.260000
12 0.220000
23116141 0.130000
23115154 0.220000
23116142 0.130000
23118104 0.120000
23116143 0.140000
23115184 0.130000
23115173 0.130000
23115174 0.300000
23115143 0.120000
23115142 0.070000
23116146 0.120000
23115182 0.300000
23112111 0.100000
23112112 0.120000
23119112 0.140000
23112114 0.120000
23112121 0.150000
23112122 0.150000
23115111 0.150000
23116101 0.120000
23111112 0.140000
23111114 0.110000
23119105 0.300000
23111118 0.140000
23111121 0.130000
23116122 0.100000
23115194 0.130000
23121125 0.300000
23121121 0.300000
23121122 0.300000
23121123 0.300000
101 0.650000
102 0.590000
103 0.790000
104 0.650000
105 0.580000
106 0.620000
107 0.470000
108 0.790000
109 0.500000
110 0.420000
111 0.430000
23116144 0.130000
23115122 0.260000
23110132 0.380000
23121131 0.300000
23110141 0.100000
23119102 0.380000
23119103 0.300000
